{
 "cells": [
  {
   "cell_type": "code",
   "execution_count": 2,
   "id": "861107cd",
   "metadata": {},
   "outputs": [],
   "source": [
    "#  Importing Libraries\n",
    "\n",
    "import pandas as pd\n",
    "import numpy as np\n",
    "import matplotlib.pyplot as plt\n",
    "import seaborn as sns \n",
    "import joblib "
   ]
  },
  {
   "cell_type": "code",
   "execution_count": 33,
   "id": "fee5010c",
   "metadata": {},
   "outputs": [],
   "source": [
    "from sklearn.preprocessing import LabelEncoder\n",
    "from sklearn.model_selection import train_test_split\n",
    "from sklearn.linear_model import LogisticRegression\n",
    "from sklearn.metrics import classification_report, accuracy_score\n",
    "from sklearn.preprocessing import StandardScaler\n",
    "from sklearn.ensemble import RandomForestClassifier\n",
    "from sklearn.tree import DecisionTreeClassifier, DecisionTreeRegressor"
   ]
  },
  {
   "cell_type": "code",
   "execution_count": 4,
   "id": "5026a197",
   "metadata": {},
   "outputs": [],
   "source": [
    "# Preview Data\n",
    "\n",
    "hd = pd.read_csv(\"MGH_PredictionDataSet.csv\")"
   ]
  },
  {
   "cell_type": "code",
   "execution_count": 5,
   "id": "abffc7d6",
   "metadata": {},
   "outputs": [
    {
     "data": {
      "text/plain": [
       "(4240, 16)"
      ]
     },
     "execution_count": 5,
     "metadata": {},
     "output_type": "execute_result"
    }
   ],
   "source": [
    "hd.shape"
   ]
  },
  {
   "cell_type": "code",
   "execution_count": 6,
   "id": "0c232630",
   "metadata": {},
   "outputs": [
    {
     "name": "stdout",
     "output_type": "stream",
     "text": [
      "<class 'pandas.core.frame.DataFrame'>\n",
      "RangeIndex: 4240 entries, 0 to 4239\n",
      "Data columns (total 16 columns):\n",
      " #   Column           Non-Null Count  Dtype  \n",
      "---  ------           --------------  -----  \n",
      " 0   sex              4240 non-null   int64  \n",
      " 1   age              4240 non-null   int64  \n",
      " 2   education        4135 non-null   float64\n",
      " 3   currentSmoker    4240 non-null   int64  \n",
      " 4   cigsPerDay       4211 non-null   float64\n",
      " 5   BPMeds           4187 non-null   float64\n",
      " 6   prevalentStroke  4240 non-null   int64  \n",
      " 7   prevalentHyp     4240 non-null   int64  \n",
      " 8   diabetes         4240 non-null   int64  \n",
      " 9   totChol          4190 non-null   float64\n",
      " 10  sysBP            4240 non-null   float64\n",
      " 11  diaBP            4240 non-null   float64\n",
      " 12  BMI              4221 non-null   float64\n",
      " 13  heartRate        4239 non-null   float64\n",
      " 14  glucose          3852 non-null   float64\n",
      " 15  TenYearCHD       4240 non-null   int64  \n",
      "dtypes: float64(9), int64(7)\n",
      "memory usage: 530.1 KB\n"
     ]
    }
   ],
   "source": [
    "hd.info()"
   ]
  },
  {
   "cell_type": "markdown",
   "id": "a382fdb2",
   "metadata": {},
   "source": [
    "                             DEALING WITH NULL VALUES"
   ]
  },
  {
   "cell_type": "code",
   "execution_count": 7,
   "id": "e485b866",
   "metadata": {},
   "outputs": [],
   "source": [
    "# dropping null values, hd_new = hd.dropna()\n",
    "# filling nulls with a constant value( if every column was a binary - 0,1) hd_constantfill = hd_cf = hd.fillna()\n",
    "# hd_ffill = hd.fillna(method = \"ffill\")\n",
    "# hd_jeff = hd.fillna(method = \"bfill\")\n",
    "# hd['Age'] = hd['Age'].fillna(hd['Age'].mean())\n",
    "\n",
    "hd_new = hd.dropna()"
   ]
  },
  {
   "cell_type": "code",
   "execution_count": 8,
   "id": "7372eec4",
   "metadata": {},
   "outputs": [
    {
     "name": "stdout",
     "output_type": "stream",
     "text": [
      "<class 'pandas.core.frame.DataFrame'>\n",
      "Index: 3658 entries, 0 to 4239\n",
      "Data columns (total 16 columns):\n",
      " #   Column           Non-Null Count  Dtype  \n",
      "---  ------           --------------  -----  \n",
      " 0   sex              3658 non-null   int64  \n",
      " 1   age              3658 non-null   int64  \n",
      " 2   education        3658 non-null   float64\n",
      " 3   currentSmoker    3658 non-null   int64  \n",
      " 4   cigsPerDay       3658 non-null   float64\n",
      " 5   BPMeds           3658 non-null   float64\n",
      " 6   prevalentStroke  3658 non-null   int64  \n",
      " 7   prevalentHyp     3658 non-null   int64  \n",
      " 8   diabetes         3658 non-null   int64  \n",
      " 9   totChol          3658 non-null   float64\n",
      " 10  sysBP            3658 non-null   float64\n",
      " 11  diaBP            3658 non-null   float64\n",
      " 12  BMI              3658 non-null   float64\n",
      " 13  heartRate        3658 non-null   float64\n",
      " 14  glucose          3658 non-null   float64\n",
      " 15  TenYearCHD       3658 non-null   int64  \n",
      "dtypes: float64(9), int64(7)\n",
      "memory usage: 485.8 KB\n"
     ]
    }
   ],
   "source": [
    "hd_new.info()"
   ]
  },
  {
   "cell_type": "code",
   "execution_count": 9,
   "id": "cf67a2df",
   "metadata": {},
   "outputs": [],
   "source": [
    "# Encoding Relevant Columns\n",
    "\n",
    "# hd['age_encoded'] =LabelEncoder().fit_transform(hd[\"age\"])\n",
    "# hd['currentmokerS_encoded'] =LabelEncoder().fit_transform(hd[\"currentSmoker\"])\n",
    "# hd['cigsPerDay_encoded'] =LabelEncoder().fit_transform(hd[\"cigsPerDay\"])\n",
    "# hd['sex_encoded'] =LabelEncoder().fit_transform(hd[\"sex\"])\n",
    "# hd['education_encoded'] =LabelEncoder().fit_transform(hd[\"education\"])\n",
    "# hd['totChol_encoded'] =LabelEncoder().fit_transform(hd[\"totChol\"])\n",
    "# hd['sysBP_encoded'] =LabelEncoder().fit_transform(hd[\"sysBP\"])\n",
    "# hd['diaBP_encoded'] =LabelEncoder().fit_transform(hd[\"diaBP\"])\n",
    "# hd[' BMI_encoded'] =LabelEncoder().fit_transform(hd[\"BMI\"])\n",
    "# hd[' heartRate_encoded'] =LabelEncoder().fit_transform(hd[\"heartRate\"])\n",
    "# hd[' diabetes_encoded'] =LabelEncoder().fit_transform(hd[\"diabetes\"])\n",
    "\n",
    "\n"
   ]
  },
  {
   "cell_type": "code",
   "execution_count": 10,
   "id": "88befeeb",
   "metadata": {},
   "outputs": [
    {
     "data": {
      "text/html": [
       "<div>\n",
       "<style scoped>\n",
       "    .dataframe tbody tr th:only-of-type {\n",
       "        vertical-align: middle;\n",
       "    }\n",
       "\n",
       "    .dataframe tbody tr th {\n",
       "        vertical-align: top;\n",
       "    }\n",
       "\n",
       "    .dataframe thead th {\n",
       "        text-align: right;\n",
       "    }\n",
       "</style>\n",
       "<table border=\"1\" class=\"dataframe\">\n",
       "  <thead>\n",
       "    <tr style=\"text-align: right;\">\n",
       "      <th></th>\n",
       "      <th>age</th>\n",
       "      <th>sex</th>\n",
       "      <th>education</th>\n",
       "      <th>currentSmoker</th>\n",
       "      <th>cigsPerDay</th>\n",
       "      <th>diabetes</th>\n",
       "      <th>totChol</th>\n",
       "      <th>sysBP</th>\n",
       "      <th>diaBP</th>\n",
       "      <th>BMI</th>\n",
       "      <th>heartRate</th>\n",
       "      <th>prevalentHyp</th>\n",
       "      <th>prevalentStroke</th>\n",
       "      <th>BPMeds</th>\n",
       "      <th>glucose</th>\n",
       "      <th>TenYearCHD</th>\n",
       "    </tr>\n",
       "  </thead>\n",
       "  <tbody>\n",
       "    <tr>\n",
       "      <th>age</th>\n",
       "      <td>1.000000</td>\n",
       "      <td>-0.024412</td>\n",
       "      <td>-0.159499</td>\n",
       "      <td>-0.210771</td>\n",
       "      <td>-0.189295</td>\n",
       "      <td>0.109092</td>\n",
       "      <td>0.268252</td>\n",
       "      <td>0.388267</td>\n",
       "      <td>0.208283</td>\n",
       "      <td>0.137511</td>\n",
       "      <td>-0.002722</td>\n",
       "      <td>0.306239</td>\n",
       "      <td>0.050893</td>\n",
       "      <td>0.134732</td>\n",
       "      <td>0.118349</td>\n",
       "      <td>0.233983</td>\n",
       "    </tr>\n",
       "    <tr>\n",
       "      <th>sex</th>\n",
       "      <td>-0.024412</td>\n",
       "      <td>1.000000</td>\n",
       "      <td>0.017729</td>\n",
       "      <td>0.206114</td>\n",
       "      <td>0.330322</td>\n",
       "      <td>0.013819</td>\n",
       "      <td>-0.070321</td>\n",
       "      <td>-0.045358</td>\n",
       "      <td>0.051872</td>\n",
       "      <td>0.073111</td>\n",
       "      <td>-0.115285</td>\n",
       "      <td>0.001424</td>\n",
       "      <td>-0.002312</td>\n",
       "      <td>-0.052124</td>\n",
       "      <td>0.002940</td>\n",
       "      <td>0.091688</td>\n",
       "    </tr>\n",
       "    <tr>\n",
       "      <th>education</th>\n",
       "      <td>-0.159499</td>\n",
       "      <td>0.017729</td>\n",
       "      <td>1.000000</td>\n",
       "      <td>0.025251</td>\n",
       "      <td>0.013790</td>\n",
       "      <td>-0.039627</td>\n",
       "      <td>-0.013522</td>\n",
       "      <td>-0.124360</td>\n",
       "      <td>-0.058059</td>\n",
       "      <td>-0.137555</td>\n",
       "      <td>-0.064214</td>\n",
       "      <td>-0.078828</td>\n",
       "      <td>-0.030386</td>\n",
       "      <td>-0.013739</td>\n",
       "      <td>-0.031998</td>\n",
       "      <td>-0.063279</td>\n",
       "    </tr>\n",
       "    <tr>\n",
       "      <th>currentSmoker</th>\n",
       "      <td>-0.210771</td>\n",
       "      <td>0.206114</td>\n",
       "      <td>0.025251</td>\n",
       "      <td>1.000000</td>\n",
       "      <td>0.773913</td>\n",
       "      <td>-0.041849</td>\n",
       "      <td>-0.051034</td>\n",
       "      <td>-0.134428</td>\n",
       "      <td>-0.115955</td>\n",
       "      <td>-0.159821</td>\n",
       "      <td>0.050841</td>\n",
       "      <td>-0.108078</td>\n",
       "      <td>-0.038150</td>\n",
       "      <td>-0.051923</td>\n",
       "      <td>-0.053242</td>\n",
       "      <td>0.019165</td>\n",
       "    </tr>\n",
       "    <tr>\n",
       "      <th>cigsPerDay</th>\n",
       "      <td>-0.189295</td>\n",
       "      <td>0.330322</td>\n",
       "      <td>0.013790</td>\n",
       "      <td>0.773913</td>\n",
       "      <td>1.000000</td>\n",
       "      <td>-0.036961</td>\n",
       "      <td>-0.030400</td>\n",
       "      <td>-0.094781</td>\n",
       "      <td>-0.056746</td>\n",
       "      <td>-0.087395</td>\n",
       "      <td>0.064030</td>\n",
       "      <td>-0.070460</td>\n",
       "      <td>-0.036286</td>\n",
       "      <td>-0.046504</td>\n",
       "      <td>-0.053726</td>\n",
       "      <td>0.052014</td>\n",
       "    </tr>\n",
       "    <tr>\n",
       "      <th>diabetes</th>\n",
       "      <td>0.109092</td>\n",
       "      <td>0.013819</td>\n",
       "      <td>-0.039627</td>\n",
       "      <td>-0.041849</td>\n",
       "      <td>-0.036961</td>\n",
       "      <td>1.000000</td>\n",
       "      <td>0.048451</td>\n",
       "      <td>0.102552</td>\n",
       "      <td>0.050686</td>\n",
       "      <td>0.089009</td>\n",
       "      <td>0.060984</td>\n",
       "      <td>0.080556</td>\n",
       "      <td>0.009625</td>\n",
       "      <td>0.049066</td>\n",
       "      <td>0.614820</td>\n",
       "      <td>0.093431</td>\n",
       "    </tr>\n",
       "    <tr>\n",
       "      <th>totChol</th>\n",
       "      <td>0.268252</td>\n",
       "      <td>-0.070321</td>\n",
       "      <td>-0.013522</td>\n",
       "      <td>-0.051034</td>\n",
       "      <td>-0.030400</td>\n",
       "      <td>0.048451</td>\n",
       "      <td>1.000000</td>\n",
       "      <td>0.219925</td>\n",
       "      <td>0.174422</td>\n",
       "      <td>0.121056</td>\n",
       "      <td>0.093053</td>\n",
       "      <td>0.166655</td>\n",
       "      <td>0.012736</td>\n",
       "      <td>0.094083</td>\n",
       "      <td>0.049884</td>\n",
       "      <td>0.091338</td>\n",
       "    </tr>\n",
       "    <tr>\n",
       "      <th>sysBP</th>\n",
       "      <td>0.388267</td>\n",
       "      <td>-0.045358</td>\n",
       "      <td>-0.124360</td>\n",
       "      <td>-0.134428</td>\n",
       "      <td>-0.094781</td>\n",
       "      <td>0.102552</td>\n",
       "      <td>0.219925</td>\n",
       "      <td>1.000000</td>\n",
       "      <td>0.786669</td>\n",
       "      <td>0.330917</td>\n",
       "      <td>0.184797</td>\n",
       "      <td>0.697675</td>\n",
       "      <td>0.061070</td>\n",
       "      <td>0.271263</td>\n",
       "      <td>0.134651</td>\n",
       "      <td>0.222821</td>\n",
       "    </tr>\n",
       "    <tr>\n",
       "      <th>diaBP</th>\n",
       "      <td>0.208283</td>\n",
       "      <td>0.051872</td>\n",
       "      <td>-0.058059</td>\n",
       "      <td>-0.115955</td>\n",
       "      <td>-0.056746</td>\n",
       "      <td>0.050686</td>\n",
       "      <td>0.174422</td>\n",
       "      <td>0.786669</td>\n",
       "      <td>1.000000</td>\n",
       "      <td>0.385348</td>\n",
       "      <td>0.178744</td>\n",
       "      <td>0.617734</td>\n",
       "      <td>0.055834</td>\n",
       "      <td>0.199630</td>\n",
       "      <td>0.063540</td>\n",
       "      <td>0.150124</td>\n",
       "    </tr>\n",
       "    <tr>\n",
       "      <th>BMI</th>\n",
       "      <td>0.137511</td>\n",
       "      <td>0.073111</td>\n",
       "      <td>-0.137555</td>\n",
       "      <td>-0.159821</td>\n",
       "      <td>-0.087395</td>\n",
       "      <td>0.089009</td>\n",
       "      <td>0.121056</td>\n",
       "      <td>0.330917</td>\n",
       "      <td>0.385348</td>\n",
       "      <td>1.000000</td>\n",
       "      <td>0.074131</td>\n",
       "      <td>0.302949</td>\n",
       "      <td>0.036496</td>\n",
       "      <td>0.105642</td>\n",
       "      <td>0.083683</td>\n",
       "      <td>0.082055</td>\n",
       "    </tr>\n",
       "    <tr>\n",
       "      <th>heartRate</th>\n",
       "      <td>-0.002722</td>\n",
       "      <td>-0.115285</td>\n",
       "      <td>-0.064214</td>\n",
       "      <td>0.050841</td>\n",
       "      <td>0.064030</td>\n",
       "      <td>0.060984</td>\n",
       "      <td>0.093053</td>\n",
       "      <td>0.184797</td>\n",
       "      <td>0.178744</td>\n",
       "      <td>0.074131</td>\n",
       "      <td>1.000000</td>\n",
       "      <td>0.146818</td>\n",
       "      <td>-0.017019</td>\n",
       "      <td>0.012889</td>\n",
       "      <td>0.097074</td>\n",
       "      <td>0.020514</td>\n",
       "    </tr>\n",
       "    <tr>\n",
       "      <th>prevalentHyp</th>\n",
       "      <td>0.306239</td>\n",
       "      <td>0.001424</td>\n",
       "      <td>-0.078828</td>\n",
       "      <td>-0.108078</td>\n",
       "      <td>-0.070460</td>\n",
       "      <td>0.080556</td>\n",
       "      <td>0.166655</td>\n",
       "      <td>0.697675</td>\n",
       "      <td>0.617734</td>\n",
       "      <td>0.302949</td>\n",
       "      <td>0.146818</td>\n",
       "      <td>1.000000</td>\n",
       "      <td>0.066057</td>\n",
       "      <td>0.262910</td>\n",
       "      <td>0.086942</td>\n",
       "      <td>0.181387</td>\n",
       "    </tr>\n",
       "    <tr>\n",
       "      <th>prevalentStroke</th>\n",
       "      <td>0.050893</td>\n",
       "      <td>-0.002312</td>\n",
       "      <td>-0.030386</td>\n",
       "      <td>-0.038150</td>\n",
       "      <td>-0.036286</td>\n",
       "      <td>0.009625</td>\n",
       "      <td>0.012736</td>\n",
       "      <td>0.061070</td>\n",
       "      <td>0.055834</td>\n",
       "      <td>0.036496</td>\n",
       "      <td>-0.017019</td>\n",
       "      <td>0.066057</td>\n",
       "      <td>1.000000</td>\n",
       "      <td>0.113125</td>\n",
       "      <td>0.016061</td>\n",
       "      <td>0.048366</td>\n",
       "    </tr>\n",
       "    <tr>\n",
       "      <th>BPMeds</th>\n",
       "      <td>0.134732</td>\n",
       "      <td>-0.052124</td>\n",
       "      <td>-0.013739</td>\n",
       "      <td>-0.051923</td>\n",
       "      <td>-0.046504</td>\n",
       "      <td>0.049066</td>\n",
       "      <td>0.094083</td>\n",
       "      <td>0.271263</td>\n",
       "      <td>0.199630</td>\n",
       "      <td>0.105642</td>\n",
       "      <td>0.012889</td>\n",
       "      <td>0.262910</td>\n",
       "      <td>0.113125</td>\n",
       "      <td>1.000000</td>\n",
       "      <td>0.054232</td>\n",
       "      <td>0.089152</td>\n",
       "    </tr>\n",
       "    <tr>\n",
       "      <th>glucose</th>\n",
       "      <td>0.118349</td>\n",
       "      <td>0.002940</td>\n",
       "      <td>-0.031998</td>\n",
       "      <td>-0.053242</td>\n",
       "      <td>-0.053726</td>\n",
       "      <td>0.614820</td>\n",
       "      <td>0.049884</td>\n",
       "      <td>0.134651</td>\n",
       "      <td>0.063540</td>\n",
       "      <td>0.083683</td>\n",
       "      <td>0.097074</td>\n",
       "      <td>0.086942</td>\n",
       "      <td>0.016061</td>\n",
       "      <td>0.054232</td>\n",
       "      <td>1.000000</td>\n",
       "      <td>0.121990</td>\n",
       "    </tr>\n",
       "    <tr>\n",
       "      <th>TenYearCHD</th>\n",
       "      <td>0.233983</td>\n",
       "      <td>0.091688</td>\n",
       "      <td>-0.063279</td>\n",
       "      <td>0.019165</td>\n",
       "      <td>0.052014</td>\n",
       "      <td>0.093431</td>\n",
       "      <td>0.091338</td>\n",
       "      <td>0.222821</td>\n",
       "      <td>0.150124</td>\n",
       "      <td>0.082055</td>\n",
       "      <td>0.020514</td>\n",
       "      <td>0.181387</td>\n",
       "      <td>0.048366</td>\n",
       "      <td>0.089152</td>\n",
       "      <td>0.121990</td>\n",
       "      <td>1.000000</td>\n",
       "    </tr>\n",
       "  </tbody>\n",
       "</table>\n",
       "</div>"
      ],
      "text/plain": [
       "                      age       sex  education  currentSmoker  cigsPerDay  \\\n",
       "age              1.000000 -0.024412  -0.159499      -0.210771   -0.189295   \n",
       "sex             -0.024412  1.000000   0.017729       0.206114    0.330322   \n",
       "education       -0.159499  0.017729   1.000000       0.025251    0.013790   \n",
       "currentSmoker   -0.210771  0.206114   0.025251       1.000000    0.773913   \n",
       "cigsPerDay      -0.189295  0.330322   0.013790       0.773913    1.000000   \n",
       "diabetes         0.109092  0.013819  -0.039627      -0.041849   -0.036961   \n",
       "totChol          0.268252 -0.070321  -0.013522      -0.051034   -0.030400   \n",
       "sysBP            0.388267 -0.045358  -0.124360      -0.134428   -0.094781   \n",
       "diaBP            0.208283  0.051872  -0.058059      -0.115955   -0.056746   \n",
       "BMI              0.137511  0.073111  -0.137555      -0.159821   -0.087395   \n",
       "heartRate       -0.002722 -0.115285  -0.064214       0.050841    0.064030   \n",
       "prevalentHyp     0.306239  0.001424  -0.078828      -0.108078   -0.070460   \n",
       "prevalentStroke  0.050893 -0.002312  -0.030386      -0.038150   -0.036286   \n",
       "BPMeds           0.134732 -0.052124  -0.013739      -0.051923   -0.046504   \n",
       "glucose          0.118349  0.002940  -0.031998      -0.053242   -0.053726   \n",
       "TenYearCHD       0.233983  0.091688  -0.063279       0.019165    0.052014   \n",
       "\n",
       "                 diabetes   totChol     sysBP     diaBP       BMI  heartRate  \\\n",
       "age              0.109092  0.268252  0.388267  0.208283  0.137511  -0.002722   \n",
       "sex              0.013819 -0.070321 -0.045358  0.051872  0.073111  -0.115285   \n",
       "education       -0.039627 -0.013522 -0.124360 -0.058059 -0.137555  -0.064214   \n",
       "currentSmoker   -0.041849 -0.051034 -0.134428 -0.115955 -0.159821   0.050841   \n",
       "cigsPerDay      -0.036961 -0.030400 -0.094781 -0.056746 -0.087395   0.064030   \n",
       "diabetes         1.000000  0.048451  0.102552  0.050686  0.089009   0.060984   \n",
       "totChol          0.048451  1.000000  0.219925  0.174422  0.121056   0.093053   \n",
       "sysBP            0.102552  0.219925  1.000000  0.786669  0.330917   0.184797   \n",
       "diaBP            0.050686  0.174422  0.786669  1.000000  0.385348   0.178744   \n",
       "BMI              0.089009  0.121056  0.330917  0.385348  1.000000   0.074131   \n",
       "heartRate        0.060984  0.093053  0.184797  0.178744  0.074131   1.000000   \n",
       "prevalentHyp     0.080556  0.166655  0.697675  0.617734  0.302949   0.146818   \n",
       "prevalentStroke  0.009625  0.012736  0.061070  0.055834  0.036496  -0.017019   \n",
       "BPMeds           0.049066  0.094083  0.271263  0.199630  0.105642   0.012889   \n",
       "glucose          0.614820  0.049884  0.134651  0.063540  0.083683   0.097074   \n",
       "TenYearCHD       0.093431  0.091338  0.222821  0.150124  0.082055   0.020514   \n",
       "\n",
       "                 prevalentHyp  prevalentStroke    BPMeds   glucose  TenYearCHD  \n",
       "age                  0.306239         0.050893  0.134732  0.118349    0.233983  \n",
       "sex                  0.001424        -0.002312 -0.052124  0.002940    0.091688  \n",
       "education           -0.078828        -0.030386 -0.013739 -0.031998   -0.063279  \n",
       "currentSmoker       -0.108078        -0.038150 -0.051923 -0.053242    0.019165  \n",
       "cigsPerDay          -0.070460        -0.036286 -0.046504 -0.053726    0.052014  \n",
       "diabetes             0.080556         0.009625  0.049066  0.614820    0.093431  \n",
       "totChol              0.166655         0.012736  0.094083  0.049884    0.091338  \n",
       "sysBP                0.697675         0.061070  0.271263  0.134651    0.222821  \n",
       "diaBP                0.617734         0.055834  0.199630  0.063540    0.150124  \n",
       "BMI                  0.302949         0.036496  0.105642  0.083683    0.082055  \n",
       "heartRate            0.146818        -0.017019  0.012889  0.097074    0.020514  \n",
       "prevalentHyp         1.000000         0.066057  0.262910  0.086942    0.181387  \n",
       "prevalentStroke      0.066057         1.000000  0.113125  0.016061    0.048366  \n",
       "BPMeds               0.262910         0.113125  1.000000  0.054232    0.089152  \n",
       "glucose              0.086942         0.016061  0.054232  1.000000    0.121990  \n",
       "TenYearCHD           0.181387         0.048366  0.089152  0.121990    1.000000  "
      ]
     },
     "execution_count": 10,
     "metadata": {},
     "output_type": "execute_result"
    }
   ],
   "source": [
    "# Correlation MATRIX\n",
    "\n",
    "values = [\"age\",\"sex\",\"education\",\"currentSmoker\",\"cigsPerDay\",\"diabetes\",\"totChol\",\"sysBP\",\"diaBP\",\"BMI\",\"heartRate\",\"prevalentHyp\",\"prevalentStroke\",\n",
    "          \"BPMeds\",\"glucose\",\"TenYearCHD\"]\n",
    "\n",
    "correlation_matrix = hd_new[values].corr(method = \"pearson\")\n",
    "\n",
    "correlation_matrix"
   ]
  },
  {
   "cell_type": "code",
   "execution_count": 11,
   "id": "69a80d3c",
   "metadata": {},
   "outputs": [
    {
     "data": {
